[gd_resource type="Skin" format=3 uid="uid://ygtsc5o8elyu"]

[resource]
resource_name = "Skin"
bind_count = 52
bind/0/name = &"UpperChest"
bind/0/bone = -1
bind/0/pose = Transform3D(1, 0, 0, 0, 1, 0, 0, 0, 1, 0, -1.3185393, 0.01762142)
bind/1/name = &"Neck"
bind/1/bone = -1
bind/1/pose = Transform3D(1, 0, 0, 0, 1, -4.1633363e-17, 0, 4.1633363e-17, 1, 0, -1.4775516, 0.029972386)
bind/2/name = &"Head"
bind/2/bone = -1
bind/2/pose = Transform3D(1, 0, 0, 0, 1, -4.1633363e-17, 0, 4.1633363e-17, 1, 0, -1.5487018, 0.006261904)
bind/3/name = &"mixamorig_HeadTop_End"
bind/3/bone = -1
bind/3/pose = Transform3D(1, 0, 0, 0, 1, -4.1633363e-17, 0, 4.1633363e-17, 1, 0, -1.7741177, -0.06885695)
bind/4/name = &"LeftShoulder"
bind/4/bone = -1
bind/4/pose = Transform3D(-4.284084e-08, -6.7055225e-08, 1, 0.99999994, 2.9802322e-08, -7.636845e-08, 7.4505806e-08, 0.99999994, 7.450581e-09, 0.029934056, -0.07113251, -1.4602503)
bind/5/name = &"LeftUpperArm"
bind/5/bone = -1
bind/5/pose = Transform3D(4.33065e-08, 6.7055225e-08, -1.0000001, 0.9999998, 1.1175871e-08, -6.7288056e-08, -8.195639e-08, -1, -7.450581e-09, -0.02985721, -0.21356468, 1.4253802)
bind/6/name = &"LeftLowerArm"
bind/6/bone = -1
bind/6/pose = Transform3D(-8.381903e-08, -1, -1.4901161e-08, 0.9999999, 5.5879354e-09, -5.8673322e-08, -3.7136488e-08, -7.4505806e-08, 0.99999994, 1.4142168, -0.4652874, 0.042378694)
bind/7/name = &"LeftHand"
bind/7/bone = -1
bind/7/pose = Transform3D(3.632158e-08, 8.195639e-08, -1, 0.9999999, -1.4901161e-08, -6.7055225e-08, -9.685755e-08, -0.99999994, 7.450581e-09, -0.029502079, -0.69785124, 1.4210342)
bind/8/name = &"LeftThumbMetacarpal"
bind/8/bone = -1
bind/8/pose = Transform3D(8.940697e-08, 0.9999999, 0, 0.8169925, -8.940697e-08, 0.5777018, 0.57770187, 5.5879354e-08, -0.8169926, -1.4020693, -0.59171057, -0.41884685)
bind/9/name = &"LeftThumbProximal"
bind/9/bone = -1
bind/9/pose = Transform3D(8.940697e-08, 0.9999999, 0, 0.8169925, -2.9802322e-08, 0.57770187, 0.577702, 7.8231096e-08, -0.81699276, -1.3868977, -0.6226022, -0.41212204)
bind/10/name = &"LeftThumbDistal"
bind/10/bone = -1
bind/10/pose = Transform3D(8.940697e-08, 1.0000001, 2.9802322e-08, 0.8169925, -2.9802322e-08, 0.5777018, 0.5777019, 4.8428774e-08, -0.8169927, -1.3705919, -0.65034103, -0.41249508)
bind/11/name = &"mixamorig_LeftHandThumb4"
bind/11/bone = -1
bind/11/pose = Transform3D(0.5942316, 0.045921925, -0.802982, 0.75595826, -0.37277392, 0.538114, -0.2746195, -0.9267852, -0.25622913, -0.4952034, -0.115642704, 1.4912444)
bind/12/name = &"LeftIndexProximal"
bind/12/bone = -1
bind/12/pose = Transform3D(2.7939677e-08, 8.195639e-08, -0.99999994, 0.9999998, 0, -8.288771e-08, -1.0430813e-07, -1, 0, 0.010342553, -0.78963506, 1.40854)
bind/13/name = &"LeftIndexIntermediate"
bind/13/bone = -1
bind/13/pose = Transform3D(2.7939677e-08, 7.4505806e-08, -0.99999994, 0.9999998, 0, -9.126961e-08, -8.940697e-08, -1, 1.4901161e-08, 0.015291899, -0.8215711, 1.4050726)
bind/14/name = &"LeftIndexDistal"
bind/14/bone = -1
bind/14/pose = Transform3D(1.4901161e-08, 5.9604645e-08, -1, 0.9999998, 2.9802322e-08, -9.313226e-08, -8.940697e-08, -1.0000001, 0, 0.01972194, -0.8509493, 1.3974334)
bind/15/name = &"mixamorig_LeftHandIndex4"
bind/15/bone = -1
bind/15/pose = Transform3D(0.16995703, 0.09505345, -0.98085636, 0.9447289, -0.29888892, 0.13473214, -0.28036034, -0.94954216, -0.14059801, -0.25794598, -0.41561747, 1.5682671)
bind/16/name = &"LeftMiddleProximal"
bind/16/bone = -1
bind/16/pose = Transform3D(3.9115548e-08, 8.195639e-08, -0.99999994, 0.9999999, -2.9802322e-08, -5.401671e-08, -1.0430813e-07, -0.99999994, 7.450581e-09, -0.014148802, -0.79634905, 1.4154938)
bind/17/name = &"LeftMiddleIntermediate"
bind/17/bone = -1
bind/17/pose = Transform3D(3.3527613e-08, 7.4505806e-08, -1, 0.9999998, -2.9802322e-08, -5.9604645e-08, -8.940697e-08, -1, 7.450581e-09, -0.011576936, -0.83043253, 1.4105008)
bind/18/name = &"LeftMiddleDistal"
bind/18/bone = -1
bind/18/pose = Transform3D(3.7252903e-08, 8.940697e-08, -0.99999994, 0.9999999, -5.9604645e-08, -5.7742e-08, -1.0430813e-07, -0.9999999, 0, -0.009456903, -0.86121565, 1.4015969)
bind/19/name = &"mixamorig_LeftHandMiddle4"
bind/19/bone = -1
bind/19/pose = Transform3D(0.09426433, 0.10139564, -0.9903702, 0.9638388, -0.2583652, 0.0652872, -0.24925734, -0.9607113, -0.12208364, -0.23260461, -0.49629384, 1.5600399)
bind/20/name = &"LeftRingProximal"
bind/20/bone = -1
bind/20/pose = Transform3D(3.9115548e-08, 9.685755e-08, -1, 0.9999999, -1.4901161e-08, -5.9604645e-08, -7.4505806e-08, -0.9999999, 7.450581e-09, -0.036341235, -0.7970042, 1.4170933)
bind/21/name = &"LeftRingIntermediate"
bind/21/bone = -1
bind/21/pose = Transform3D(3.7252903e-08, 8.940697e-08, -0.99999994, 0.9999999, 0, -6.3329935e-08, -8.940697e-08, -0.9999999, 1.4901161e-08, -0.03644781, -0.8249324, 1.4105399)
bind/22/name = &"LeftRingDistal"
bind/22/bone = -1
bind/22/pose = Transform3D(3.9115548e-08, 8.940697e-08, -1, 0.9999999, 0, -6.146729e-08, -5.9604645e-08, -0.9999998, 2.2351742e-08, -0.036628574, -0.85140216, 1.4030702)
bind/23/name = &"mixamorig_LeftHandRing4"
bind/23/bone = -1
bind/23/pose = Transform3D(0.021000545, 0.10693079, -0.99404466, 0.98757374, -0.15710641, 0.003963677, -0.15574698, -0.98177576, -0.108901374, -0.20439309, -0.6442551, 1.5061151)
bind/24/name = &"LeftLittleProximal"
bind/24/bone = -1
bind/24/pose = Transform3D(4.0978193e-08, 8.940697e-08, -0.9999999, 0.9999998, 0, -6.7055225e-08, -7.4505806e-08, -0.99999994, 0, -0.059706315, -0.7869731, 1.4175963)
bind/25/name = &"LeftLittleIntermediate"
bind/25/bone = -1
bind/25/pose = Transform3D(4.0978193e-08, 8.940697e-08, -0.9999999, 0.99999994, -2.9802322e-08, -6.7055225e-08, -8.940697e-08, -1, -7.450581e-09, -0.05968027, -0.81412005, 1.4131072)
bind/26/name = &"LeftLittleDistal"
bind/26/bone = -1
bind/26/pose = Transform3D(4.0978193e-08, 8.195639e-08, -0.9999999, 0.99999994, -2.9802322e-08, -6.3329935e-08, -1.1920929e-07, -1, -7.450581e-09, -0.059951663, -0.8355602, 1.4047928)
bind/27/name = &"mixamorig_LeftHandPinky4"
bind/27/bone = -1
bind/27/pose = Transform3D(0.023807514, 0.10672954, -0.994003, 0.9565102, -0.29157832, -0.008398256, -0.29072607, -0.9505741, -0.10902966, -0.22938338, -0.4106554, 1.5717423)
bind/28/name = &"RightShoulder"
bind/28/bone = -1
bind/28/pose = Transform3D(9.313226e-09, -5.2154064e-08, -1.0000001, -1, 2.9802322e-08, 3.9115548e-08, 1.0430813e-07, 1.0000001, -2.2351742e-08, -0.030010745, -0.07113257, -1.4602506)
bind/29/name = &"RightUpperArm"
bind/29/bone = -1
bind/29/pose = Transform3D(-1.0011718e-08, 5.2154064e-08, 1, -1, 2.9802322e-08, 3.981404e-08, -1.0058284e-07, -1.0000001, 2.2351742e-08, 0.030087598, -0.21356472, 1.4253807)
bind/30/name = &"RightLowerArm"
bind/30/bone = -1
bind/30/pose = Transform3D(1.0058284e-07, 1.0000001, -7.450581e-09, -1, 2.7939677e-08, 4.703179e-08, -1.4319085e-08, 4.4703484e-08, 1.0000001, -1.414217, -0.46528748, 0.0420105)
bind/31/name = &"RightHand"
bind/31/bone = -1
bind/31/pose = Transform3D(-2.4214387e-08, 7.4505806e-08, 1, -0.99999994, 4.4703484e-08, 4.1909516e-08, -1.1920929e-07, -1.0000001, 7.450581e-09, 0.030495867, -0.6978515, 1.4210342)
bind/32/name = &"RightThumbMetacarpal"
bind/32/bone = -1
bind/32/pose = Transform3D(-1.1920929e-07, -1, -2.9802322e-08, -0.8169925, 1.1920929e-07, 0.57770187, -0.5777018, -1.4901161e-08, -0.8169927, 1.4029477, -0.59060264, -0.41914088)
bind/33/name = &"RightThumbProximal"
bind/33/bone = -1
bind/33/pose = Transform3D(-1.1920929e-07, -1.0000001, 2.9802322e-08, -0.8169927, 5.9604645e-08, 0.57770205, -0.5777019, -2.6077032e-08, -0.8169928, 1.3884788, -0.62106717, -0.41200155)
bind/34/name = &"RightThumbDistal"
bind/34/bone = -1
bind/34/pose = Transform3D(-8.940697e-08, -1.0000002, 0, -0.81699264, 8.940697e-08, 0.577702, -0.57770187, -4.4703484e-08, -0.8169927, 1.371159, -0.6491815, -0.41233486)
bind/35/name = &"mixamorig_RightHandThumb4"
bind/35/bone = -1
bind/35/pose = Transform3D(0.6012034, -0.03821638, 0.79818183, -0.7465556, -0.38307223, 0.54397655, 0.2849725, -0.9229275, -0.25883493, 0.489743, -0.09501261, 1.4941037)
bind/36/name = &"RightIndexProximal"
bind/36/bone = -1
bind/36/pose = Transform3D(-3.1664968e-08, 7.4505806e-08, 1, -1, 5.2154064e-08, 2.7939677e-08, -1.0430813e-07, -1.0000001, 7.450581e-09, -0.010688633, -0.78966683, 1.4085859)
bind/37/name = &"RightIndexIntermediate"
bind/37/bone = -1
bind/37/pose = Transform3D(-4.284084e-08, 6.7055225e-08, 1, -0.99999994, 5.9604645e-08, 1.8626451e-08, -1.0430813e-07, -1.0000001, 0, -0.015448958, -0.8215512, 1.4046469)
bind/38/name = &"RightIndexDistal"
bind/38/bone = -1
bind/38/pose = Transform3D(-3.3527613e-08, 8.940697e-08, 1, -0.99999994, 5.9604645e-08, 2.2351742e-08, -1.1920929e-07, -1.0000001, 1.4901161e-08, -0.019817054, -0.8515444, 1.3978405)
bind/39/name = &"mixamorig_RightHandIndex4"
bind/39/bone = -1
bind/39/pose = Transform3D(0.16316237, -0.08799341, 0.9826674, -0.9317518, -0.34120983, 0.12415453, 0.32437104, -0.9358595, -0.13766064, 0.24228692, -0.34524983, 1.5871266)
bind/40/name = &"RightMiddleProximal"
bind/40/bone = -1
bind/40/pose = Transform3D(-1.9557774e-08, 7.4505806e-08, 1, -0.99999994, 4.4703484e-08, 3.9115548e-08, -1.0430813e-07, -1.0000001, 1.4901161e-08, 0.014020011, -0.7958708, 1.4156103)
bind/41/name = &"RightMiddleIntermediate"
bind/41/bone = -1
bind/41/pose = Transform3D(-2.6077032e-08, 6.7055225e-08, 1, -0.99999994, 2.9802322e-08, 4.0978193e-08, -8.940697e-08, -1, 7.450581e-09, 0.012166664, -0.8297968, 1.4106877)
bind/42/name = &"RightMiddleDistal"
bind/42/bone = -1
bind/42/pose = Transform3D(-2.2351742e-08, 7.4505806e-08, 1, -0.9999998, 5.9604645e-08, 3.5390258e-08, -8.940697e-08, -1, 2.2351742e-08, 0.010696933, -0.8609095, 1.402002)
bind/43/name = &"mixamorig_RightHandMiddle4"
bind/43/bone = -1
bind/43/pose = Transform3D(0.070766896, -0.09558693, 0.9929025, -0.9770012, -0.20736861, 0.049670156, 0.20114897, -0.97358185, -0.108063355, 0.20555578, -0.5786817, 1.536979)
bind/44/name = &"RightRingProximal"
bind/44/bone = -1
bind/44/pose = Transform3D(-2.0489097e-08, 8.195639e-08, 1, -0.99999994, 5.9604645e-08, 4.0978193e-08, -1.3411045e-07, -1.0000001, 0, 0.037281245, -0.7986651, 1.4172544)
bind/45/name = &"RightRingIntermediate"
bind/45/bone = -1
bind/45/pose = Transform3D(-1.8626451e-08, 7.4505806e-08, 1, -0.99999994, 5.9604645e-08, 3.9115548e-08, -1.4901161e-07, -1.0000001, 7.450581e-09, 0.036566332, -0.8260311, 1.4103252)
bind/46/name = &"RightRingDistal"
bind/46/bone = -1
bind/46/pose = Transform3D(-1.8626451e-08, 7.4505806e-08, 1, -0.99999994, 4.4703484e-08, 3.8649887e-08, -1.1920929e-07, -1.0000001, 0, 0.035962343, -0.8519095, 1.4025292)
bind/47/name = &"mixamorig_RightHandRing4"
bind/47/bone = -1
bind/47/pose = Transform3D(0.047940906, -0.09732767, 0.994097, -0.99734217, 0.05000289, 0.05299298, -0.05486541, -0.99399537, -0.09467182, 0.21328811, -0.94014883, 1.3439626)
bind/48/name = &"RightLittleProximal"
bind/48/bone = -1
bind/48/pose = Transform3D(-1.0244548e-08, 6.7055225e-08, 1, -0.9999999, 5.2154064e-08, 4.284084e-08, -1.1175871e-07, -1.0000001, 7.450581e-09, 0.05952166, -0.787461, 1.4161794)
bind/49/name = &"RightLittleIntermediate"
bind/49/bone = -1
bind/49/pose = Transform3D(-7.450581e-09, 5.9604645e-08, 1, -0.9999999, 5.9604645e-08, 4.0978193e-08, -1.1920929e-07, -1.0000001, 7.450581e-09, 0.059571624, -0.8142575, 1.4128556)
bind/50/name = &"RightLittleDistal"
bind/50/bone = -1
bind/50/pose = Transform3D(-1.1175871e-08, 6.7055225e-08, 1, -0.99999994, 5.9604645e-08, 4.0978193e-08, -1.4901161e-07, -1.0000001, 0, 0.059929848, -0.83575934, 1.4049995)
bind/51/name = &"mixamorig_RightHandPinky4"
bind/51/bone = -1
bind/51/pose = Transform3D(0.017479626, -0.09956828, 0.99487716, -0.9082458, -0.41763845, -0.025840128, 0.41807184, -0.9031413, -0.09773265, 0.2139879, -0.19402468, 1.6124634)
